-,-,-
-60.302734, -1001.708984, 7.812500
-182.861328, -900.146484, 84.960938
-302.001953, -459.716797, -16.845703
-532.958984, -315.185547, 148.925781
-388.427734, -294.677734, 6.835938
-287.353516, -557.861328, 258.789062
198.730469, -928.955078, 143.554688
211.914062, -1374.755859, 294.921875
153.320312, -1896.240234, 549.316406
-149.169922, -1999.755859, 773.925781
-374.267578, -1999.755859, 457.519531
-297.607422, -1999.755859, 506.347656
-11.962891, -1234.619141, 301.757812
241.210938, -541.259766, 264.160156
416.503906, -87.646484, 206.542969
627.441406, 237.792969, 89.355469
514.648438, -5.615234, 65.429688
374.511719, -332.763672, 85.937500
115.234375, -797.119141, -3.662109
58.593750, -1020.263672, 72.753906
-,-,-
7.812500, -919.189453, 20.019531
-121.826172, -794.189453, 52.734375
-335.693359, -429.443359, 59.082031
-512.451172, -146.240234, 194.824219
-389.892578, -177.490234, 212.890625
22.949219, -567.626953, 73.730469
-75.927734, -1588.134766, 125.000000
278.808594, -1677.490234, 650.878906
36.621094, -1747.802734, 672.363281
-100.341797, -1758.544922, 495.117188
-298.095703, -1951.416016, 376.953125
-533.447266, -1999.755859, 506.347656
-482.177734, -1905.517578, 558.593750
-174.072266, -1252.197266, 267.089844
162.109375, -553.466797, 191.894531
564.941406, 65.917969, 367.187500
815.429688, 307.617188, 430.175781
555.664062, -10.498047, 120.117188
457.031250, -413.818359, 241.210938
-,-,-
-35.888672, -927.978516, 20.507812
-177.001953, -818.115234, 21.484375
-393.310547, -530.029297, 99.609375
-435.302734, -394.287109, -116.455078
-339.111328, -468.994141, 239.746094
-357.666016, -777.587891, -83.740234
-114.990234, -858.154297, 94.726562
164.062500, -1065.673828, 360.351562
89.843750, -1482.177734, 151.367188
330.078125, -1447.998047, 570.312500
147.460938, -1583.740234, 531.250000
-148.681641, -1999.755859, 393.554688
-547.119141, -1999.755859, 462.402344
-438.720703, -1771.728516, 172.363281
-11.474609, -976.318359, 130.859375
294.433594, -474.365234, 176.269531
497.070312, -143.310547, 341.308594
574.218750, -127.685547, 296.386719
396.972656, -446.044922, 144.531250
310.058594, -701.904297, 179.199219
104.003906, -920.654297, -45.166016
95.214844, -949.951172, -135.009766
88.378906, -1014.404297, -4.150391
132.812500, -1049.560547, -44.189453
-,-,-
-155.029297, -1047.607422, -4.638672
-156.005859, -1042.724609, -38.818359
-130.615234, -874.755859, 27.832031
-124.755859, -580.810547, 98.632812
-173.583984, -289.794922, -6.591797
-100.341797, -178.466797, 229.492188
-41.259766, -277.099609, -68.115234
-349.853516, -1130.126953, -24.169922
-86.181641, -1274.169922, 326.660156
-43.701172, -1723.388672, 409.179688
48.828125, -1540.771484, 604.980469
-71.533203, -1544.677734, 430.175781
-114.013672, -1412.353516, 427.246094
-380.126953, -1542.724609, 257.812500
-402.099609, -1756.103516, 230.957031
-358.154297, -1705.810547, 225.585938
130.859375, -1229.736328, 225.585938
343.261719, -859.619141, 258.789062
422.363281, -490.478516, 109.375000
510.742188, -290.283203, 126.953125
382.324219, -404.541016, -193.603516
355.957031, -514.404297, 51.757812
267.578125, -678.466797, -43.212891
186.523438, -895.751953, -90.087891
-,-,-
-129.150391, -909.912109, -25.146484
-157.470703, -882.568359, -40.771484
-281.005859, -806.396484, 33.203125
-383.056641, -680.419922, 126.953125
-441.162109, -395.263672, -24.169922
-343.505859, -435.302734, -4.150391
13.183594, -375.732422, 331.542969
77.636719, -923.095703, -77.880859
238.281250, -1351.806641, 242.187500
314.453125, -1499.755859, 552.734375
354.492188, -1486.083984, 389.160156
146.484375, -1374.755859, 612.304688
13.671875, -1452.392578, 247.070312
-241.943359, -1663.818359, 301.757812
-397.705078, -1980.712891, 293.945312
-389.892578, -1951.904297, 384.277344
-25.146484, -1409.912109, 412.597656
148.925781, -866.455078, 245.117188
412.597656, -331.787109, 190.429688
538.085938, -217.529297, 302.734375
453.125000, -183.837891, 26.367188
463.378906, -283.935547, 25.390625
389.648438, -543.212891, 107.910156
185.546875, -912.841797, -23.193359
-,-,-
-206.298828, -761.962891, 67.382812
-214.599609, -585.693359, 87.402344
-225.830078, -453.369141, 118.652344
-287.353516, -592.529297, 185.546875
-219.482422, -597.412109, 286.621094
-29.541016, -897.216797, 139.648438
40.527344, -1406.982422, 84.472656
254.394531, -1364.990234, 342.285156
75.195312, -1522.216797, 423.828125
75.195312, -1564.208984, 456.054688
-161.376953, -1728.271484, 322.265625
-385.498047, -1997.802734, 305.664062
-371.826172, -1908.447266, 373.535156
-30.517578, -1393.310547, 343.261719
277.343750, -766.357422, 144.531250
525.878906, -315.673828, 171.875000
634.277344, -15.869141, 182.617188
459.472656, -253.173828, 226.562500
330.078125, -394.775391, -41.748047
86.425781, -819.091797, -20.263672
-,-,-
-286.376953, -989.990234, 108.398438
-166.259766, -838.623047, 135.742188
-347.900391, -879.638672, 17.578125
-408.935547, -693.115234, 67.382812
-242.431641, -408.935547, 81.054688
-57.861328, -271.728516, -73.486328
156.738281, -494.384766, 118.652344
-143.798828, -1374.755859, 164.550781
-0.732422, -1609.619141, 340.332031
36.132812, -1712.646484, 564.941406
261.230469, -1525.146484, 420.898438
94.726562, -1521.728516, 507.324219
-63.720703, -1632.568359, 347.656250
-393.310547, -1910.400391, 299.804688
-240.478516, -1655.517578, 274.414062
-65.185547, -1282.470703, 251.464844
92.773438, -874.267578, 6.835938
457.031250, -322.998047, 305.664062
492.187500, -227.783203, 336.914062
532.714844, -166.259766, 125.976562
283.203125, -545.654297, 141.601562
261.230469, -699.951172, 40.039062
99.609375, -868.896484, -43.701172
-,-,-
-228.271484, -967.041016, 51.757812
-178.955078, -599.365234, 190.917969
-156.494141, -385.986328, 72.753906
-107.177734, -457.763672, 249.023438
-26.611328, -683.349609, 146.972656
-116.455078, -1233.642578, -52.490234
24.414062, -1138.427734, 251.464844
-48.095703, -1432.373047, 243.164062
-110.107422, -1430.419922, 529.296875
90.820312, -1409.912109, 352.050781
-106.201172, -1510.498047, 388.183594
-364.501953, -1999.755859, 411.132812
-621.337891, -1999.755859, 235.839844
-41.259766, -1425.537109, 431.152344
252.441406, -934.326172, 286.132812
541.503906, -210.693359, 55.664062
605.468750, -191.650391, 121.093750
492.675781, -153.564453, 171.875000
358.886719, -391.845703, 149.902344
284.667969, -578.369141, 245.117188
59.570312, -950.927734, 29.785156
-,-,-
-340.576172, -804.931641, 69.335938
-366.455078, -686.279297, -12.451172
-441.650391, -599.365234, 39.062500
-222.900391, -352.783203, 137.695312
-132.568359, -532.958984, 140.625000
69.335938, -807.861328, 18.066406
29.785156, -1209.228516, 18.066406
134.765625, -1447.998047, 302.734375
236.328125, -1425.537109, 780.273438
133.300781, -1576.904297, 438.476562
-17.333984, -1506.591797, 482.421875
-160.888672, -1650.634766, 323.242188
-221.435547, -1753.662109, 335.937500
-122.802734, -1643.310547, 489.746094
35.156250, -1313.232422, 256.347656
140.625000, -993.408203, 136.718750
248.046875, -794.189453, 225.585938
540.527344, -212.646484, 107.910156
475.097656, -274.658203, 257.812500
470.214844, -201.416016, 107.421875
364.746094, -392.333984, 167.968750
194.824219, -752.685547, 109.375000
-,-,-
-218.505859, -732.177734, 105.957031
-249.267578, -524.658203, 127.929688
-260.009766, -386.962891, -16.845703
-312.255859, -555.419922, 210.937500
-19.287109, -606.689453, 301.757812
-258.544922, -1239.990234, 216.796875
9.765625, -1268.798828, 537.109375
-23.681641, -1676.025391, 448.730469
63.964844, -1551.513672, 572.265625
148.437500, -1471.923828, 532.714844
-127.197266, -1793.701172, 247.070312
-215.087891, -1715.576172, 325.683594
-188.232422, -1693.115234, 379.882812
-25.634766, -1255.615234, 376.953125
171.386719, -1020.263672, 411.621094
242.187500, -681.396484, 238.769531
354.492188, -395.263672, -8.544922
566.894531, -68.603516, 326.660156
561.523438, -116.455078, 66.406250
-,-,-
-199.951172, -877.197266, 70.800781
-249.755859, -770.751953, 119.628906
-297.607422, -550.537109, 54.687500
-182.861328, -311.279297, 94.726562
-52.490234, -242.919922, 147.949219
-181.884766, -676.025391, 139.648438
-134.521484, -1093.505859, 320.312500
-30.517578, -1498.779297, 511.718750
-354.248047, -1921.630859, 230.468750
-156.005859, -1741.943359, 448.242188
-164.306641, -1801.513672, 480.468750
-133.544922, -1902.099609, 419.433594
-171.630859, -1814.208984, 532.714844
65.917969, -1196.044922, 346.679688
-40.283203, -1048.095703, 107.910156
336.425781, -369.384766, 276.367188
329.589844, -258.544922, 178.222656
522.460938, -68.603516, 252.441406
370.117188, -332.763672, 3.417969
208.984375, -530.029297, -114.990234
65.429688, -910.400391, 64.453125
-,-,-
-342.529297, -814.208984, -10.498047
-321.044922, -764.404297, 59.082031
-207.275391, -479.248047, 29.785156
-159.912109, -386.474609, 94.726562
13.671875, -302.001953, 128.417969
-230.712891, -605.224609, 25.390625
19.531250, -873.779297, 215.820312
-213.134766, -1513.916016, 699.707031
-266.357422, -1811.767578, 422.851562
-340.087891, -1972.412109, 595.214844
-196.044922, -1948.974609, 520.019531
-105.712891, -1807.861328, 611.328125
30.761719, -1558.349609, 606.933594
-92.529297, -1430.419922, 174.316406
12.695312, -1032.470703, 176.269531
254.394531, -686.279297, 428.710938
395.996094, -374.755859, 287.109375
512.695312, -115.966797, 79.101562
578.613281, -114.013672, 369.140625
416.503906, -243.896484, 11.230469
96.191406, -779.541016, 22.460938
-,-,-
-311.767578, -809.814453, 27.343750
-224.365234, -482.177734, -33.447266
-209.716797, -398.193359, 39.062500
12.695312, -193.115234, 184.570312
-117.431641, -832.275391, 587.890625
-267.333984, -1281.494141, 238.769531
-242.431641, -1375.732422, 211.425781
-277.587891, -1766.357422, 289.062500
-135.986328, -1622.802734, 431.152344
-227.294922, -1789.306641, 386.230469
-182.861328, -1922.607422, 485.351562
-111.572266, -1824.462891, 517.578125
-79.345703, -1613.037109, 378.906250
83.984375, -1020.751953, 435.546875
205.566406, -626.220703, 452.148438
434.082031, -88.623047, 483.398438
423.828125, -59.326172, 249.511719
421.386719, -134.033203, 21.484375
263.671875, -467.041016, -38.818359
62.988281, -913.818359, -131.591797
-,-,-
-164.306641, -738.037109, 42.480469
-136.962891, -594.482422, -6.103516
-161.865234, -599.365234, 141.601562
-106.201172, -607.666016, 151.855469
-21.240234, -615.966797, 301.269531
-148.193359, -944.091797, 138.671875
-46.142578, -1058.837891, 131.347656
-187.255859, -1417.236328, 387.207031
-8.544922, -1462.646484, 267.089844
-335.693359, -1832.763672, 457.519531
-362.060547, -1856.689453, 524.414062
-394.775391, -1890.380859, 325.195312
-310.302734, -1736.083984, 578.613281
-60.302734, -1344.482422, 303.710938
75.195312, -1103.271484, 476.562500
224.121094, -751.708984, 377.929688
412.597656, -399.169922, 203.613281
497.070312, -250.244141, 136.230469
491.699219, -183.837891, 16.113281
480.957031, -388.916016, 220.214844
-,-,-
-236.083984, -912.841797, 76.171875
-247.314453, -798.583984, 59.082031
-279.052734, -676.513672, 17.578125
-200.439453, -505.126953, 137.695312
-129.150391, -586.181641, 136.230469
-244.873047, -814.208984, -109.130859
-104.736328, -845.947266, 51.757812
55.175781, -1152.587891, 240.234375
89.355469, -1227.294922, 304.687500
130.859375, -1518.798828, 252.929688
256.347656, -1446.044922, 512.695312
92.285156, -1599.365234, 374.023438
-47.607422, -1808.837891, 284.179688
-128.173828, -1839.111328, 326.660156
31.738281, -1529.052734, 350.585938
82.031250, -1355.224609, 369.628906
-16.845703, -1271.728516, 251.464844
96.191406, -875.244141, 367.187500
163.085938, -678.466797, 75.683594
206.054688, -452.880859, 191.894531
445.800781, -218.994141, 88.378906
263.183594, -408.447266, -156.982422
319.335938, -484.130859, -27.587891
160.644531, -810.302734, 3.906250
-,-,-
-442.138672, -885.498047, 80.078125
-442.138672, -793.701172, 144.531250
-382.080078, -600.341797, 55.664062
-265.380859, -523.681641, 73.730469
-108.642578, -552.490234, 166.992188
-25.146484, -787.841797, 188.476562
-33.447266, -1143.310547, 74.707031
133.300781, -1301.513672, 465.332031
34.179688, -1672.119141, 289.062500
56.152344, -1795.654297, 389.648438
-73.486328, -1782.958984, 484.375000
-100.830078, -1594.482422, 300.781250
-162.841797, -1730.224609, 242.187500
-58.349609, -1451.416016, 338.378906
171.875000, -1035.888672, 118.652344
348.144531, -690.673828, 325.195312
623.046875, -184.814453, 156.250000
746.582031, 66.406250, 126.953125
683.105469, -41.259766, 83.007812
229.003906, -726.806641, 35.156250
-13.916016, -1099.365234, 107.910156
-,-,-
-168.701172, -893.310547, -121.826172
-108.154297, -726.806641, -46.142578
-165.771484, -566.162109, 27.343750
-234.130859, -418.701172, 69.335938
-289.794922, -598.388672, 155.273438
-175.537109, -656.005859, 267.578125
-127.197266, -1078.369141, 44.433594
71.777344, -1267.333984, 346.191406
145.019531, -1677.490234, 554.687500
41.992188, -1801.513672, 578.613281
-240.478516, -1873.291016, 619.140625
-336.669922, -1721.435547, 313.964844
-207.275391, -1531.005859, 313.964844
31.738281, -1282.470703, 425.781250
198.730469, -1107.177734, 337.402344
125.000000, -994.873047, 210.449219
432.617188, -441.162109, 271.484375
519.042969, -389.892578, 144.531250
598.632812, -188.720703, 80.078125
554.199219, -369.873047, 34.179688
401.367188, -533.935547, 92.773438
-,-,-
-268.310547, -851.318359, -19.775391
-322.021484, -704.345703, 13.183594
-465.576172, -618.896484, -14.892578
-300.537109, -284.423828, 71.289062
-43.701172, -275.146484, 208.496094
24.414062, -705.322266, 241.210938
291.015625, -1075.927734, 214.843750
-63.232422, -1696.044922, 394.042969
-260.498047, -1999.755859, 530.273438
-227.783203, -1991.455078, 527.343750
-240.478516, -1799.560547, 572.265625
-239.501953, -1651.611328, 379.882812
-335.693359, -1676.025391, 454.101562
-113.525391, -1115.478516, 241.699219
217.285156, -534.912109, 116.699219
501.464844, -193.115234, 62.988281
815.429688, 289.062500, -78.857422
910.156250, 222.656250, 198.242188
467.285156, -670.166016, 185.546875
129.394531, -1224.365234, 209.960938
-,-,-
-275.146484, -879.150391, 20.996094
-422.119141, -838.623047, 68.359375
-579.345703, -525.634766, 33.203125
-480.224609, -257.568359, 16.113281
-168.701172, -249.755859, 172.851562
164.062500, -706.298828, 96.679688
197.753906, -1101.806641, 436.523438
140.136719, -1487.548828, 406.250000
11.718750, -1636.962891, 644.042969
25.878906, -1577.880859, 523.437500
-28.076172, -1834.716797, 552.734375
-50.048828, -1633.544922, 677.734375
-61.279297, -1539.794922, 418.945312
-149.169922, -1494.873047, 382.812500
-77.880859, -1243.896484, 187.500000
77.148438, -1092.529297, 230.468750
127.441406, -994.384766, 297.363281
357.910156, -481.201172, 359.375000
549.316406, -128.662109, 205.566406
580.078125, -104.248047, -1.220703
472.167969, -334.228516, 32.714844
-,-,-
-328.369141, -935.302734, 59.082031
-330.810547, -695.068359, 83.007812
-266.357422, -493.896484, 52.734375
-115.966797, -269.775391, -16.845703
-79.345703, -485.107422, 268.554688
27.343750, -839.599609, 327.636719
-113.037109, -1374.755859, 436.523438
-82.275391, -1632.568359, 549.316406
-310.791016, -1756.591797, 479.003906
-143.798828, -1755.615234, 475.097656
-325.927734, -1853.759766, 599.609375
-422.119141, -1861.572266, 471.191406
-55.908203, -1359.130859, 508.789062
17.089844, -1179.443359, 357.910156
172.851562, -719.482422, 200.195312
492.675781, -278.076172, 331.054688
650.878906, -16.357422, 222.167969
562.988281, -128.662109, -85.693359
-,-,-
-212.158203, -476.806641, -35.888672
-228.271484, -408.447266, -156.005859
-151.611328, -468.505859, 70.312500
-42.724609, -618.408203, 273.437500
-234.130859, -1177.978516, 573.242188
-70.556641, -1265.380859, 343.750000
-115.966797, -1518.798828, 555.664062
-131.103516, -1478.271484, 431.152344
-178.466797, -1703.369141, 483.398438
-362.060547, -1991.455078, 638.183594
-462.158203, -1999.755859, 606.933594
-335.205078, -1607.177734, 654.785156
-22.705078, -936.279297, 339.355469
124.511719, -622.314453, 201.171875
408.203125, -261.474609, 157.226562
423.339844, -248.291016, 55.175781
450.195312, -334.716797, 114.257812
502.929688, -325.927734, 202.148438
-,-,-
-355.224609, -739.990234, -8.544922
-318.603516, -655.029297, 12.207031
-252.197266, -539.306641, 0.488281
-312.255859, -531.005859, 87.402344
-206.298828, -680.419922, 252.441406
-308.349609, -913.330078, 457.519531
-150.634766, -1153.076172, 408.203125
-128.173828, -1237.060547, 375.488281
57.128906, -1455.810547, 341.308594
130.859375, -1540.771484, 658.203125
-123.779297, -1741.943359, 541.015625
-315.185547, -1876.708984, 406.738281
-580.322266, -1988.525391, 362.304688
-176.025391, -1388.427734, 509.765625
2.929688, -1040.771484, 371.582031
178.222656, -778.564453, 174.316406
298.828125, -457.763672, 141.601562
395.507812, -484.130859, 355.957031
452.636719, -318.603516, 145.019531
-,-,-
-443.603516, -842.529297, 11.718750
-531.494141, -845.947266, 28.808594
-421.142578, -485.107422, 87.402344
-275.634766, -219.970703, 5.859375
-35.888672, -237.060547, 160.644531
-149.658203, -749.755859, 210.937500
-67.138672, -1230.712891, 409.179688
-2.685547, -1550.537109, 638.183594
-4.638672, -1746.826172, 676.757812
-59.326172, -1891.845703, 820.312500
-109.619141, -1999.755859, 517.089844
-13.916016, -1614.990234, 613.281250
57.128906, -1404.052734, 385.253906
-28.076172, -1184.326172, 391.601562
64.941406, -1033.935547, 413.085938
187.011719, -706.298828, 228.515625
219.726562, -578.369141, 174.316406
404.296875, -266.357422, 82.031250
432.617188, -239.013672, -35.888672
522.460938, -317.138672, 166.015625
-,-,-
-386.962891, -684.326172, 153.320312
-310.302734, -548.583984, 33.203125
-66.650391, -492.919922, 176.269531
74.218750, -504.638672, 191.406250
-23.681641, -1031.982422, 182.617188
-61.767578, -1286.865234, 380.859375
-77.880859, -1506.591797, 469.238281
-76.904297, -1752.685547, 533.691406
-281.982422, -1999.755859, 535.644531
-206.298828, -1977.294922, 520.996094
-134.033203, -1660.888672, 508.789062
-60.302734, -1401.611328, 326.660156
31.738281, -1029.541016, 235.839844
112.304688, -914.306641, 240.234375
288.085938, -511.962891, 255.859375
346.679688, -422.119141, 127.929688
453.613281, -255.126953, 147.460938
557.128906, -234.130859, 164.550781
-,-,-
-222.900391, -664.794922, 67.382812
-437.744141, -617.919922, 104.492188
-348.876953, -482.177734, 63.476562
-295.654297, -453.857422, 147.949219
-144.775391, -549.560547, 254.394531
168.457031, -771.240234, 306.640625
72.753906, -1204.833984, 488.769531
-35.400391, -1688.720703, 400.878906
-23.681641, -1786.376953, 564.941406
-15.869141, -1822.509766, 538.574219
-156.005859, -1933.837891, 425.781250
-254.150391, -1765.380859, 408.203125
-114.013672, -1365.478516, 325.683594
-87.646484, -1196.044922, 267.089844
101.562500, -884.521484, 52.734375
200.683594, -649.169922, 234.863281
598.632812, -49.072266, 387.207031
-,-,-
-108.154297, -766.357422, 110.351562
-282.958984, -648.193359, 242.187500
-388.916016, -573.486328, 54.687500
-260.986328, -422.119141, 144.531250
-299.560547, -407.470703, 321.289062
10.742188, -897.216797, 142.578125
148.925781, -1326.904297, 579.589844
383.789062, -1263.916016, 816.894531
100.097656, -1559.814453, 646.484375
144.531250, -1621.337891, 531.738281
-108.642578, -1738.525391, 484.375000
-109.619141, -1955.322266, 418.945312
-196.044922, -1820.068359, 538.085938
-64.697266, -1349.853516, 498.046875
183.105469, -759.033203, 317.382812
223.144531, -598.388672, 155.273438
311.035156, -523.681641, 174.316406
383.789062, -276.123047, 140.625000
592.773438, -197.509766, 409.179688
-,-,-
-246.337891, -690.673828, 127.929688
-356.201172, -541.259766, 38.085938
-98.388672, -385.009766, 114.746094
-93.994141, -584.228516, 116.699219
-218.505859, -881.103516, 72.753906
-162.841797, -1210.693359, 174.804688
-193.603516, -1378.662109, 357.421875
32.714844, -1590.576172, 385.253906
13.183594, -1819.580078, 499.511719
-109.619141, -1698.974609, 618.164062
-205.810547, -1732.177734, 373.535156
-278.564453, -1703.369141, 386.230469
-0.732422, -1283.935547, 341.308594
-11.474609, -1232.666016, 134.765625
270.019531, -669.189453, 360.351562
351.562500, -529.052734, 354.980469
409.667969, -331.298828, 192.871094
501.953125, -132.080078, 20.019531
390.136719, -361.083984, 34.179688
284.179688, -567.138672, -63.232422
-,-,-
-241.943359, -609.130859, 30.761719
-228.759766, -441.162109, 25.390625
-165.283203, -437.744141, 19.042969
-309.814453, -657.470703, 237.792969
13.671875, -858.154297, 343.261719
-35.888672, -995.361328, 205.566406
80.566406, -1514.892578, 302.734375
163.085938, -1601.806641, 343.261719
98.632812, -1834.716797, 430.175781
62.988281, -1999.755859, 422.363281
56.152344, -1799.560547, 480.468750
168.457031, -1550.537109, 477.050781
126.464844, -1245.849609, 313.964844
93.750000, -989.990234, 155.273438
240.722656, -423.095703, 257.812500
342.773438, -254.150391, 36.132812
396.972656, -183.837891, 122.558594
-,-,-
-125.732422, -928.955078, -28.076172
-82.275391, -684.326172, 102.050781
-207.763672, -462.646484, 0.976562
-288.818359, -558.349609, 94.726562
-200.439453, -612.060547, 298.339844
145.019531, -769.775391, 429.199219
303.222656, -1179.931641, 255.859375
197.265625, -1628.662109, 515.625000
101.562500, -1905.029297, 453.125000
-154.541016, -1999.755859, 518.066406
-71.533203, -1845.458984, 330.566406
47.363281, -1511.474609, 440.917969
169.921875, -1177.001953, 437.500000
246.093750, -1000.732422, 399.902344
254.394531, -609.619141, 166.992188
462.402344, -182.861328, 235.351562
465.820312, -184.814453, 143.554688
433.593750, -235.595703, 31.738281
-,-,-
-108.154297, -894.287109, -9.521484
-129.638672, -843.994141, -27.587891
-187.255859, -488.525391, -17.333984
-158.447266, -369.873047, 111.328125
-289.306641, -705.322266, 23.437500
-226.318359, -830.810547, 196.289062
-91.552734, -1097.900391, 101.074219
13.671875, -1294.677734, 399.902344
208.984375, -1531.494141, 296.386719
110.839844, -1501.220703, 329.101562
39.550781, -1446.044922, 392.578125
-98.388672, -1726.318359, 265.136719
-209.716797, -1937.744141, 259.765625
-14.892578, -1566.162109, 427.734375
138.671875, -1098.876953, 253.417969
145.507812, -989.990234, 69.335938
316.894531, -553.466797, 329.589844
303.710938, -525.146484, 127.929688
295.410156, -528.076172, 161.132812
401.367188, -366.943359, -3.173828
299.316406, -660.400391, 18.066406
-,-,-
-167.236328, -923.583984, 0.488281
-186.279297, -814.208984, 7.812500
-239.501953, -603.271484, 35.156250
-203.857422, -520.751953, 144.042969
-171.630859, -622.314453, 149.902344
-115.966797, -912.353516, 164.550781
59.570312, -1182.861328, 204.589844
234.375000, -1398.681641, 399.902344
87.402344, -1525.146484, 412.109375
231.445312, -1520.751953, 451.171875
137.207031, -1467.041016, 402.343750
4.882812, -1548.583984, 406.250000
-50.537109, -1543.701172, 351.562500
-118.408203, -1422.607422, 283.691406
52.246094, -1216.064453, 337.890625
3.906250, -1094.482422, 77.148438
142.089844, -903.076172, 160.644531
337.402344, -499.755859, 290.039062
340.332031, -596.435547, 110.351562
385.742188, -459.716797, 40.039062
301.757812, -607.666016, -84.716797
-,-,-
-79.345703, -519.287109, -45.166016
-82.275391, -520.263672, 125.000000
-113.037109, -656.982422, 255.371094
-215.087891, -988.037109, 185.546875
-186.279297, -1113.525391, 233.398438
-89.111328, -1400.634766, 291.503906
-269.775391, -1444.091797, 407.226562
22.949219, -1310.302734, 368.164062
7.324219, -1229.736328, 396.484375
-33.935547, -1354.248047, 297.363281
-127.197266, -1621.337891, 378.906250
-216.064453, -1733.154297, 408.203125
-292.724609, -1718.505859, 233.886719
-59.326172, -1373.779297, 317.382812
99.609375, -927.978516, 223.144531
255.371094, -740.478516, 224.121094
459.472656, -366.943359, 296.386719
375.000000, -486.083984, 166.503906
-,-,-
-201.416016, -788.330078, 73.730469
-266.357422, -667.724609, 131.347656
-383.056641, -538.330078, 28.808594
-284.423828, -412.841797, -114.990234
-212.646484, -592.529297, 205.078125
60.546875, -914.794922, 360.351562
41.503906, -1371.826172, 475.097656
44.921875, -1660.888672, 613.281250
66.406250, -1893.310547, 542.968750
-156.005859, -1819.091797, 483.398438
-114.013672, -1839.111328, 304.687500
-14.404297, -1508.056641, 527.343750
128.417969, -1275.146484, 363.281250
91.308594, -1118.896484, 170.898438
211.425781, -621.826172, 6.835938
252.441406, -682.373047, 384.277344
287.109375, -385.986328, 90.820312
384.765625, -309.326172, 207.519531
371.582031, -507.080078, 254.882812
-,-,-
-386.962891, -650.146484, 90.332031
-285.400391, -457.763672, 91.308594
-351.806641, -720.458984, 143.554688
-334.228516, -713.134766, 596.191406
32.226562, -922.119141, 549.316406
29.296875, -1389.892578, 284.667969
179.687500, -1371.826172, 370.605469
223.144531, -1391.357422, 463.867188
129.394531, -1729.248047, 384.277344
-81.298828, -1825.927734, 405.273438
-114.013672, -1800.537109, 266.113281
-131.591797, -1618.896484, 469.726562
-22.216797, -1281.494141, 426.269531
41.992188, -908.447266, 137.207031
174.316406, -676.513672, 287.109375
346.679688, -471.923828, 53.710938
372.558594, -356.689453, 183.593750
419.921875, -491.455078, 116.210938
328.125000, -528.076172, 73.730469
-,-,-
-320.556641, -916.748047, 28.808594
-295.166016, -601.318359, 12.207031
-213.623047, -452.392578, 53.710938
-125.244141, -418.701172, 44.433594
-28.076172, -571.044922, 242.675781
-53.955078, -986.083984, 422.851562
60.546875, -1374.755859, 413.574219
-28.564453, -1637.939453, 421.875000
-109.130859, -1676.025391, 469.726562
-30.029297, -1906.982422, 432.128906
-153.564453, -1787.353516, 442.871094
-133.544922, -1589.111328, 278.320312
-52.490234, -1385.498047, 376.953125
70.800781, -1088.623047, 289.062500
127.441406, -890.380859, 212.890625
216.796875, -794.189453, 379.882812
271.972656, -691.162109, 30.761719
366.699219, -538.818359, 248.535156
382.812500, -369.384766, 153.320312
453.125000, -306.396484, 84.960938
-,-,-
-234.130859, -662.841797, -16.845703
-238.525391, -750.732422, -9.521484
-29.541016, -363.037109, 86.425781
-186.767578, -715.576172, 349.609375
-57.373047, -840.087891, 367.675781
-96.435547, -1220.458984, 301.269531
-135.498047, -1515.380859, 389.648438
-138.916016, -1552.001953, 336.914062
-146.240234, -1872.802734, 367.187500
-121.826172, -1869.384766, 430.175781
-58.837891, -1646.240234, 492.187500
31.250000, -1432.373047, 364.257812
118.652344, -1215.087891, 260.742188
235.839844, -835.693359, 399.902344
216.796875, -763.427734, 325.683594
379.882812, -348.388672, 241.699219
441.406250, -259.521484, 214.843750
425.781250, -316.162109, -15.869141
391.113281, -593.017578, 58.105469
-,-,-
-163.330078, -849.365234, 4.882812
-194.091797, -614.990234, 131.347656
-107.177734, -463.623047, -10.498047
-190.185547, -430.419922, 167.968750
-40.283203, -636.962891, 263.183594
0.000000, -993.896484, 358.886719
-22.705078, -1293.701172, 500.488281
50.292969, -1404.541016, 199.218750
107.421875, -1537.841797, 229.492188
39.062500, -1424.560547, 526.367188
95.703125, -1735.107422, 301.757812
-65.185547, -1786.865234, 432.617188
-46.630859, -1672.119141, 372.070312
1.464844, -1517.822266, 370.605469
113.281250, -1220.458984, 258.789062
179.687500, -933.349609, 200.195312
340.332031, -428.466797, 342.773438
537.109375, -112.060547, 257.812500
-,-,-
-185.791016, -1005.615234, 119.628906
-233.154297, -770.263672, 190.429688
-292.236328, -504.638672, -1.220703
-145.751953, -323.974609, 34.179688
-118.896484, -646.240234, 383.300781
10.742188, -884.521484, 402.343750
127.929688, -1149.169922, 384.277344
152.343750, -1432.373047, 477.539062
219.726562, -1451.416016, 539.062500
-98.388672, -1687.744141, 551.269531
-130.126953, -1836.181641, 349.609375
-166.259766, -1803.466797, 450.195312
-22.705078, -1578.857422, 411.132812
97.656250, -1278.564453, 482.421875
76.171875, -1156.005859, 329.589844
297.363281, -581.298828, 333.984375
301.757812, -495.361328, 303.710938
456.054688, -208.740234, 72.753906
404.785156, -373.291016, 96.679688
-,-,-
-147.216797, -893.798828, 62.011719
-148.681641, -733.154297, 34.179688
-139.404297, -475.341797, 110.351562
-38.330078, -291.748047, 20.507812
15.136719, -322.021484, 239.746094
-72.509766, -747.802734, 280.761719
-67.138672, -1053.466797, 362.304688
-94.970703, -1626.708984, 288.085938
-61.279297, -1665.771484, 519.042969
-39.306641, -1656.494141, 501.464844
-51.513672, -1790.283203, 415.527344
-22.216797, -1563.232422, 645.507812
-25.634766, -1674.560547, 408.203125
-39.306641, -1464.599609, 415.527344
85.449219, -1067.626953, 367.187500
109.863281, -1010.986328, 257.324219
279.785156, -516.357422, 320.312500
396.972656, -350.341797, 187.500000
486.328125, -99.365234, 48.339844
377.441406, -324.462891, -120.361328
325.195312, -569.091797, -4.150391
-,-,-
-223.876953, -802.490234, 62.988281
-339.111328, -763.427734, 7.812500
-230.712891, -566.162109, 40.039062
-196.044922, -535.888672, 138.671875
-67.138672, -617.919922, 206.542969
64.453125, -747.314453, 350.585938
0.000000, -1288.818359, 115.722656
12.207031, -1547.607422, 281.250000
-112.548828, -1592.529297, 532.226562
-199.462891, -1832.763672, 301.269531
-216.064453, -1800.537109, 393.554688
-108.642578, -1766.357422, 411.132812
7.324219, -1490.478516, 509.765625
127.441406, -1221.435547, 333.007812
120.117188, -1082.275391, 282.714844
360.351562, -554.931641, 363.281250
319.824219, -618.896484, 83.984375
342.773438, -353.271484, 34.179688
369.140625, -413.818359, -197.998047
310.058594, -434.326172, 94.238281
288.085938, -562.255859, 77.148438
-,-,-
-270.751953, -737.060547, -70.556641
-170.654297, -518.310547, -53.466797
-105.224609, -527.099609, 198.242188
-35.400391, -683.349609, 336.914062
-105.224609, -1073.974609, 175.292969
-33.935547, -1350.830078, 312.011719
61.035156, -1508.544922, 485.351562
46.386719, -1513.427734, 556.640625
-36.865234, -1762.451172, 412.109375
-41.748047, -1676.513672, 499.023438
-53.466797, -1702.392578, 368.652344
-61.767578, -1504.150391, 316.406250
57.128906, -1182.373047, 415.039062
14.648438, -1110.595703, 342.773438
105.468750, -782.958984, 160.156250
187.500000, -799.560547, 203.125000
321.289062, -418.212891, 209.960938
385.742188, -337.158203, -19.287109
403.320312, -322.998047, -1.220703
324.707031, -460.693359, -71.533203
-,-,-
-255.126953, -812.255859, -32.958984
-231.689453, -807.373047, -70.068359
-142.333984, -633.544922, -5.126953
-141.845703, -527.099609, 4.882812
12.695312, -372.314453, 128.906250
-107.177734, -586.669922, 38.085938
-321.044922, -921.630859, 236.816406
-44.677734, -1241.943359, 327.636719
-123.291016, -1628.662109, 335.449219
-17.822266, -1644.287109, 411.132812
-130.615234, -1823.974609, 372.558594
-141.357422, -1678.466797, 352.050781
-114.013672, -1755.126953, 320.312500
-82.763672, -1544.677734, 406.250000
30.761719, -1169.189453, 190.917969
16.113281, -1101.806641, 178.222656
229.492188, -565.185547, 230.468750
293.457031, -547.119141, 192.871094
383.789062, -350.830078, 159.179688
463.867188, -293.701172, 202.148438
301.269531, -665.771484, -24.169922
-,-,-
-334.716797, -1083.740234, 38.085938
-255.126953, -873.779297, 68.359375
-114.990234, -629.638672, 13.183594
36.621094, -419.677734, -7.568359
17.089844, -353.271484, 209.960938
69.335938, -437.744141, 190.917969
-82.275391, -951.416016, 310.058594
75.195312, -991.943359, 229.492188
11.718750, -1514.892578, 285.644531
-167.236328, -1700.439453, 443.847656
-115.966797, -1709.228516, 345.703125
-164.794922, -1906.005859, 543.945312
-114.990234, -1664.794922, 663.574219
-142.822266, -1648.681641, 402.343750
-87.158203, -1309.326172, 387.207031
38.574219, -1084.716797, 215.820312
97.656250, -781.982422, 329.101562
320.312500, -311.279297, 233.398438
297.851562, -341.552734, 224.121094
360.351562, -229.248047, 81.054688
-,-,-
-235.107422, -996.337891, -50.537109
-237.060547, -964.111328, -56.396484
-170.654297, -608.642578, 67.382812
-151.611328, -401.123047, -17.822266
-17.822266, -275.146484, 59.082031
-24.658203, -435.302734, 212.890625
-133.056641, -1102.294922, 306.640625
-120.849609, -1400.634766, 129.394531
-105.712891, -1649.658203, 598.144531
-198.486328, -1610.107422, 552.246094
-155.029297, -1752.685547, 429.199219
-225.341797, -1801.513672, 486.328125
-93.994141, -1557.373047, 395.019531
-23.681641, -1438.720703, 486.328125
59.570312, -1192.138672, 296.386719
134.277344, -895.751953, 199.218750
261.230469, -604.248047, 247.070312
260.253906, -499.755859, 107.421875
332.519531, -407.958984, 113.769531
377.441406, -427.490234, 162.597656
-,-,-
-177.490234, -834.716797, 68.359375
-262.939453, -682.373047, 45.410156
-83.740234, -433.349609, 82.031250
16.113281, -510.009766, 209.472656
1.953125, -491.455078, 361.328125
-79.345703, -1095.947266, 359.863281
-77.880859, -1286.865234, 495.117188
-7.080078, -1580.810547, 257.812500
-44.677734, -1657.958984, 428.710938
71.777344, -1778.076172, 492.675781
33.691406, -1616.455078, 493.652344
-14.404297, -1614.990234, 329.589844
-237.548828, -1665.771484, 10.742188
-53.466797, -1315.185547, 319.335938
2.441406, -1039.794922, 183.593750
115.234375, -878.173828, 272.460938
234.375000, -448.974609, 104.980469
381.347656, -365.966797, 272.949219
391.113281, -375.732422, 3.906250
428.222656, -381.591797, 120.117188
-,-,-
-222.900391, -738.037109, -143.798828
-218.505859, -696.044922, -93.994141
-206.298828, -593.505859, -137.939453
-310.791016, -663.818359, -12.939453
-219.970703, -679.443359, 91.308594
-167.236328, -881.103516, 307.617188
-32.470703, -1205.810547, 137.695312
-19.287109, -1329.833984, 241.210938
25.390625, -1326.904297, 341.308594
-64.697266, -1413.818359, 341.308594
-93.505859, -1505.615234, 291.992188
-127.197266, -1521.728516, 421.875000
-227.294922, -1716.552734, 304.687500
-290.771484, -1597.412109, 257.812500
-82.275391, -1357.177734, 327.636719
2.441406, -1268.310547, 284.179688
94.238281, -915.771484, 301.757812
173.339844, -803.466797, -49.560547
265.625000, -507.080078, 287.109375
363.769531, -276.123047, 65.429688
331.542969, -508.056641, 203.613281
-,-,-
-236.083984, -638.916016, -40.771484
-214.111328, -466.552734, -28.076172
-121.337891, -589.111328, 282.714844
-189.208984, -781.005859, 229.492188
-49.560547, -1093.994141, 210.449219
-75.927734, -1159.912109, 275.390625
175.781250, -1506.591797, 295.410156
112.792969, -1462.646484, 433.593750
-107.177734, -1558.349609, 507.324219
-101.318359, -1554.931641, 294.433594
-211.669922, -1733.154297, 327.636719
-92.529297, -1735.107422, 561.523438
-46.142578, -1539.794922, 359.375000
21.972656, -1224.365234, 227.050781
130.859375, -833.740234, 289.062500
127.441406, -670.166016, 90.332031
345.214844, -286.376953, 159.179688
325.683594, -270.751953, 32.226562
503.906250, -123.779297, 159.667969
297.851562, -528.076172, -18.310547
-,-,-
-168.701172, -883.544922, 114.746094
-148.193359, -750.732422, 36.132812
-172.607422, -600.341797, -9.521484
-190.185547, -554.443359, 61.035156
-41.748047, -485.595703, 267.089844
29.785156, -495.849609, 260.253906
-162.841797, -1052.490234, 195.312500
22.949219, -1271.240234, 401.855469
-171.142578, -1675.537109, 436.523438
-38.330078, -1624.755859, 544.921875
-109.619141, -1833.740234, 531.250000
-201.904297, -1749.755859, 510.742188
-209.716797, -1563.232422, 446.777344
-255.615234, -1529.052734, 384.277344
-135.009766, -1143.310547, 207.519531
-4.638672, -893.310547, 155.273438
70.312500, -832.275391, 324.707031
311.035156, -420.166016, 337.890625
312.500000, -559.326172, -41.259766
437.011719, -299.560547, 231.445312
442.382812, -440.673828, 241.699219
-,-,-
-93.994141, -682.373047, -54.443359
-109.130859, -667.724609, 114.746094
-187.255859, -618.896484, 152.343750
-62.255859, -446.044922, 43.457031
-231.689453, -743.408203, 269.531250
-123.779297, -967.041016, 389.648438
-3.662109, -1188.232422, 402.832031
-59.326172, -1327.880859, 475.097656
195.800781, -1367.431641, 270.019531
-93.505859, -1659.423828, 570.800781
-163.330078, -1765.380859, 543.945312
-333.251953, -1856.201172, 282.714844
-266.845703, -1774.658203, 324.218750
2.929688, -1334.228516, 482.421875
-39.306641, -1218.505859, 312.988281
154.785156, -695.068359, 240.722656
187.011719, -758.056641, 113.769531
292.968750, -438.720703, 235.839844
497.070312, -222.412109, 140.625000
389.160156, -490.478516, 70.800781
395.019531, -448.974609, -24.169922
-,-,-
-239.501953, -823.974609, 36.132812
-298.583984, -708.251953, -52.490234
-215.087891, -577.880859, 65.429688
-131.103516, -522.705078, 195.312500
-139.404297, -647.216797, 136.718750
-120.361328, -1070.556641, 235.839844
-59.326172, -1241.943359, 309.082031
76.171875, -1499.755859, 465.820312
118.652344, -1399.169922, 564.941406
154.785156, -1325.927734, 521.972656
188.964844, -1392.333984, 500.000000
-41.748047, -1603.759766, 439.453125
-74.951172, -1696.044922, 531.250000
-166.259766, -1668.212891, 221.191406
-88.623047, -1317.626953, 488.769531
149.902344, -874.755859, 242.187500
151.367188, -697.021484, -1.220703
375.000000, -318.115234, 246.093750
376.953125, -425.537109, 182.617188
375.000000, -461.669922, 141.601562
-,-,-
-102.294922, -723.388672, 233.398438
-193.115234, -552.001953, 51.757812
-206.298828, -381.591797, -2.685547
-168.701172, -520.751953, 172.851562
-67.138672, -829.345703, 166.992188
-156.982422, -1338.134766, 353.515625
159.667969, -1237.060547, 305.664062
76.171875, -1505.126953, 484.375000
-83.251953, -1529.052734, 532.714844
44.921875, -1318.115234, 377.929688
-86.669922, -1555.419922, 361.328125
31.250000, -1560.302734, 519.042969
-6.103516, -1629.638672, 502.929688
-5.615234, -1514.892578, 386.230469
74.707031, -1148.681641, 516.113281
39.550781, -1091.552734, 42.480469
70.800781, -822.509766, 141.601562
391.113281, -121.337891, 265.136719
383.789062, -335.205078, 60.058594
519.531250, -145.263672, 77.636719
-,-,-
-266.845703, -805.419922, 17.578125
-345.458984, -681.396484, 39.062500
-142.822266, -423.583984, 30.761719
11.718750, -294.677734, 130.371094
-47.607422, -695.556641, 130.371094
-14.404297, -1087.158203, 463.378906
79.589844, -1261.474609, 291.992188
58.105469, -1686.279297, 387.207031
-54.931641, -1522.705078, 617.187500
-135.986328, -1553.955078, 418.945312
-200.927734, -1781.005859, 355.957031
-94.482422, -1482.666016, 544.921875
-64.208984, -1468.994141, 378.906250
-46.630859, -1424.560547, 267.089844
127.441406, -1084.716797, 245.117188
152.343750, -985.107422, 348.632812
335.937500, -409.423828, 381.835938
343.750000, -494.873047, 206.542969
344.238281, -242.919922, -14.404297
380.371094, -484.130859, 69.824219
-,-,-
-296.142578, -608.642578, 37.109375
-262.939453, -387.939453, -134.033203
-215.087891, -509.521484, 30.761719
-129.638672, -691.650391, 177.246094
-2.197266, -974.853516, 178.222656
-7.568359, -1050.537109, 385.253906
59.082031, -1351.806641, 182.617188
5.859375, -1527.099609, 245.117188
-32.470703, -1415.283203, 430.175781
-67.138672, -1672.119141, 182.128906
-84.716797, -1557.373047, 418.457031
-151.123047, -1614.013672, 462.402344
-184.814453, -1409.423828, 296.386719
-72.998047, -1208.740234, 231.445312
-128.662109, -1194.091797, 0.488281
29.296875, -854.248047, 101.074219
29.296875, -878.173828, -56.884766
133.300781, -584.228516, 32.714844
315.917969, -480.224609, 36.132812
313.476562, -500.732422, 43.457031
335.449219, -576.904297, 58.105469
-,-,-
-176.025391, -647.216797, 89.355469
-226.318359, -503.662109, -46.142578
-169.677734, -548.583984, 33.203125
-216.552734, -639.892578, 190.917969
-10.009766, -886.474609, 22.460938
-135.009766, -1147.216797, 270.019531
63.964844, -1129.150391, 437.500000
100.585938, -1344.970703, 318.359375
-97.412109, -1362.060547, 465.820312
-88.134766, -1599.365234, 360.351562
-159.423828, -1656.494141, 438.476562
-245.849609, -1775.634766, 405.273438
-188.232422, -1615.966797, 361.328125
-129.150391, -1506.591797, 434.570312
107.910156, -1142.333984, 331.054688
149.902344, -998.291016, 421.875000
269.531250, -691.650391, 221.191406
306.640625, -440.673828, 65.429688
254.882812, -543.212891, 23.437500
385.742188, -218.017578, 29.785156
-,-,-
-383.544922, -837.646484, -7.568359
-316.162109, -697.021484, 46.386719
-258.544922, -616.943359, -87.158203
-204.345703, -547.607422, 141.601562
-86.669922, -685.302734, 306.640625
-121.337891, -966.552734, 195.800781
75.195312, -1063.232422, 287.109375
37.597656, -1212.158203, 473.144531
-1.708984, -1436.767578, 312.011719
27.343750, -1370.361328, 379.882812
-54.931641, -1690.673828, 473.144531
-108.154297, -1908.447266, 314.941406
-74.951172, -1762.451172, 486.328125
118.652344, -1439.208984, 625.976562
25.390625, -1372.802734, 204.101562
124.023438, -976.806641, 392.578125
198.730469, -816.162109, 166.503906
261.718750, -495.849609, 246.093750
440.429688, -213.623047, 219.238281
425.292969, -350.830078, 73.730469
400.390625, -384.521484, 145.996094
-,-,-
-260.009766, -691.650391, 1.953125
-379.150391, -805.419922, -51.513672
-329.833984, -587.158203, 24.414062
-322.998047, -666.748047, 169.921875
-118.408203, -872.802734, 293.945312
-104.736328, -1311.279297, 317.382812
149.902344, -1366.943359, 551.269531
-7.080078, -1439.208984, 603.515625
66.406250, -1473.388672, 372.558594
1.953125, -1419.189453, 520.996094
-94.970703, -1427.490234, 464.843750
-165.283203, -1545.654297, 376.953125
-219.970703, -1493.896484, 383.300781
-95.947266, -1385.986328, 307.617188
2.929688, -1165.283203, 366.699219
96.679688, -1079.833984, 328.613281
130.859375, -890.380859, 71.289062
283.691406, -563.232422, 435.546875
316.894531, -600.341797, 145.019531
-,-,-
-152.099609, -745.361328, -80.810547
-214.111328, -658.447266, 17.578125
-275.146484, -475.830078, 98.632812
-238.525391, -470.947266, 71.777344
-273.193359, -618.896484, 115.234375
-183.349609, -993.408203, 215.820312
-51.513672, -1299.072266, 373.535156
21.972656, -1493.896484, 231.445312
-69.091797, -1550.537109, 286.132812
-88.134766, -1530.029297, 355.957031
31.738281, -1584.228516, 251.464844
-117.431641, -1644.287109, 481.445312
-194.091797, -1781.982422, 312.988281
-256.591797, -1637.451172, 212.890625
-38.330078, -1121.826172, 227.539062
143.554688, -872.802734, 250.000000
325.683594, -452.392578, 225.097656
389.648438, -447.021484, -27.099609
437.988281, -343.505859, 273.437500
447.265625, -345.458984, 27.343750
-,-,-
-145.751953, -447.021484, -124.755859
-135.986328, -531.982422, 134.765625
-223.388672, -816.162109, 157.226562
-288.330078, -1425.537109, 269.531250
-26.123047, -1347.412109, 261.718750
-108.154297, -1449.462891, 258.789062
-154.052734, -1557.373047, 417.480469
0.976562, -1372.802734, 195.312500
-54.931641, -1450.439453, 450.683594
-5.126953, -1400.634766, 469.238281
-182.373047, -1467.041016, 212.402344
-261.474609, -1562.255859, 211.914062
-226.318359, -1519.775391, 182.617188
-66.162109, -1279.541016, 276.367188
-0.732422, -1236.572266, 293.457031
220.214844, -781.982422, 298.828125
338.867188, -566.650391, 279.785156
448.242188, -326.904297, 170.898438
476.074219, -370.361328, 145.507812
-,-,-
-254.638672, -712.646484, -83.740234
-234.130859, -599.365234, -113.037109
-151.611328, -552.490234, -16.845703
-138.427734, -603.271484, 286.621094
-103.759766, -1014.892578, 396.972656
-110.595703, -1261.474609, 505.859375
-4.638672, -1132.080078, 255.859375
-7.080078, -1153.076172, 474.121094
75.683594, -1133.056641, 280.761719
15.136719, -1281.494141, 409.667969
8.300781, -1625.732422, 502.441406
-16.845703, -1636.962891, 547.851562
-143.798828, -1874.755859, 463.867188
-167.724609, -1578.857422, 386.230469
-61.279297, -1193.115234, 286.132812
27.343750, -997.314453, 266.113281
83.496094, -691.162109, 218.750000
305.664062, -449.951172, 173.828125
474.121094, -153.564453, 225.585938
448.242188, -328.857422, -35.888672
361.816406, -583.740234, 61.035156
-,-,-
-201.904297, -572.509766, -145.751953
-99.365234, -655.029297, -182.373047
-70.068359, -616.943359, 45.410156
-197.509766, -973.388672, 164.550781
-39.306641, -1001.708984, 81.054688
-175.048828, -1312.744141, -63.232422
-149.658203, -1283.447266, 130.859375
-1.708984, -1183.349609, -24.169922
-138.427734, -1334.228516, 117.675781
-124.755859, -1411.376953, 49.804688
-120.361328, -1359.130859, 157.226562
-149.658203, -1474.365234, 119.628906
-322.021484, -1551.025391, 102.050781
-374.755859, -1731.201172, 80.078125
-27.099609, -1176.025391, -23.193359
13.671875, -1259.521484, 106.445312
221.679688, -805.419922, 88.378906
250.976562, -641.845703, -40.771484
228.515625, -694.580078, 52.734375
247.070312, -576.416016, -22.216797
224.609375, -694.580078, 20.507812
250.000000, -633.544922, -31.494141
-,-,-
-140.380859, -735.107422, -18.310547
-216.552734, -696.044922, -28.564453
-186.767578, -497.802734, 24.414062
-227.294922, -681.396484, 75.683594
-237.060547, -854.248047, 175.292969
-161.865234, -1092.529297, 396.484375
-24.658203, -1286.865234, 324.218750
-64.697266, -1312.255859, 354.980469
96.679688, -1239.990234, 316.406250
185.546875, -1293.701172, 459.472656
142.089844, -1480.712891, 479.492188
-75.927734, -1953.857422, 235.839844
-93.505859, -1638.427734, 595.214844
-76.416016, -1505.615234, 345.703125
-84.716797, -1301.025391, 199.218750
52.246094, -997.314453, 141.601562
99.609375, -862.060547, 95.703125
154.785156, -657.470703, 166.503906
243.164062, -569.580078, -89.111328
264.160156, -533.935547, 26.855469
300.292969, -420.166016, 21.484375
-,-,-
-86.181641, -758.056641, -31.494141
-148.193359, -663.818359, 39.062500
-13.427734, -385.498047, 84.472656
-56.396484, -376.708984, 42.480469
-171.142578, -750.732422, 135.742188
-77.392578, -897.705078, 206.542969
-86.669922, -1091.552734, 279.785156
-20.263672, -1515.869141, 171.875000
-14.404297, -1483.154297, 374.023438
120.117188, -1570.068359, 370.605469
80.566406, -1744.873047, 435.546875
-148.193359, -1895.263672, 410.156250
8.789062, -1818.115234, 464.843750
-49.072266, -1486.572266, 386.230469
107.421875, -1115.966797, 282.714844
224.121094, -751.708984, 101.074219
280.273438, -380.615234, 84.472656
444.824219, -384.521484, 474.121094
-,-,-
-113.037109, -489.013672, -2.685547
-222.412109, -448.974609, 46.386719
-233.154297, -519.287109, 6.835938
-170.654297, -673.583984, 174.804688
-160.888672, -1088.623047, 300.781250
-92.041016, -1304.443359, 418.457031
-76.904297, -1625.732422, 492.675781
-32.470703, -1726.318359, 476.074219
-206.298828, -1788.818359, 520.019531
-281.005859, -1825.927734, 254.394531
-307.861328, -1606.201172, 310.546875
-204.833984, -1501.220703, 390.625000
-9.521484, -1174.560547, 229.492188
146.972656, -964.111328, 363.281250
259.765625, -701.904297, 302.734375
-,-,-
-148.193359, -689.208984, -14.892578
-160.400391, -745.849609, -5.615234
-81.298828, -444.091797, 160.156250
-90.576172, -504.150391, 48.828125
-228.759766, -732.666016, 310.058594
-122.802734, -912.353516, 210.937500
-175.048828, -1358.154297, 253.906250
-52.978516, -1369.873047, 266.113281
4.394531, -1454.833984, 462.402344
-155.029297, -1474.365234, 546.875000
3.417969, -1284.912109, 313.964844
-100.341797, -1625.732422, 354.003906
-145.263672, -1594.482422, 423.828125
-60.302734, -1509.521484, 295.898438
-172.119141, -1465.087891, 332.031250
33.203125, -1013.916016, 152.343750
81.054688, -924.560547, 192.871094
123.046875, -632.080078, 337.402344
333.007812, -330.810547, 131.347656
227.539062, -604.248047, 90.332031
-,-,-
-274.658203, -727.783203, 134.277344
-284.423828, -734.130859, 43.457031
-124.755859, -452.392578, 83.007812
-56.884766, -572.998047, 74.707031
-82.275391, -746.826172, 150.390625
-70.068359, -1220.458984, 369.628906
-89.599609, -1443.115234, 273.437500
73.730469, -1520.263672, 472.167969
175.781250, -1308.349609, 563.964844
312.988281, -1410.888672, 447.753906
191.406250, -1648.681641, 560.546875
47.363281, -1638.916016, 464.843750
-94.970703, -1644.287109, 151.367188
-69.091797, -1371.337891, 264.160156
61.523438, -1046.142578, 141.601562
64.941406, -1032.958984, 304.687500
155.273438, -619.873047, 346.679688
347.656250, -343.505859, 274.414062
332.519531, -412.841797, 227.050781
-,-,-
-211.669922, -502.197266, 24.902344
-222.900391, -474.365234, -0.244141
-286.376953, -675.048828, 176.269531
-359.130859, -906.005859, 249.511719
-183.837891, -1085.693359, 289.062500
-77.880859, -1124.755859, 362.304688
168.945312, -1262.939453, 220.214844
20.507812, -1483.154297, 543.945312
-139.892578, -1828.369141, 412.109375
-213.623047, -1937.744141, 466.796875
-215.087891, -1591.552734, 400.878906
-181.884766, -1452.392578, 358.886719
22.949219, -1042.724609, 408.203125
114.746094, -891.357422, 136.718750
60.546875, -884.521484, 229.492188
324.707031, -476.318359, 243.164062
244.140625, -649.169922, 243.164062
375.488281, -497.802734, 209.960938
445.800781, -388.916016, 96.679688
-,-,-
-209.716797, -622.314453, 31.738281
-156.982422, -568.115234, 70.800781
-126.220703, -467.041016, 185.546875
-36.865234, -523.681641, 127.929688
-250.244141, -966.552734, 367.675781
-142.333984, -1109.130859, 402.832031
-186.279297, -1293.212891, 382.812500
-51.513672, -1399.658203, 426.757812
-143.798828, -1569.580078, 476.074219
-210.693359, -1873.291016, 346.679688
-323.974609, -1927.490234, 424.804688
-179.443359, -1599.365234, 492.675781
-39.306641, -1325.927734, 441.406250
-1.220703, -1053.466797, 379.882812
162.109375, -760.498047, 178.222656
287.109375, -524.658203, 300.781250
291.503906, -364.990234, 56.640625
372.558594, -327.880859, 40.039062
345.703125, -403.076172, 47.363281
-,-,-
-242.919922, -807.373047, 99.609375
-71.533203, -595.458984, 33.691406
-29.052734, -709.228516, 314.941406
-239.501953, -1133.056641, 306.640625
-184.326172, -1225.341797, 274.414062
-83.251953, -1361.083984, 253.417969
-73.974609, -1387.451172, 495.117188
-85.693359, -1508.544922, 320.312500
-20.263672, -1543.701172, 425.781250
-114.990234, -1418.701172, 454.101562
-167.236328, -1478.271484, 327.636719
-235.595703, -1483.642578, 258.789062
-132.568359, -1366.943359, 265.136719
51.757812, -1105.224609, 321.289062
150.390625, -888.427734, 186.523438
122.070312, -866.455078, 209.960938
199.707031, -643.798828, 52.734375
228.515625, -529.052734, 29.785156
273.437500, -460.693359, 41.015625
-,-,-
-229.248047, -739.013672, -129.150391
-170.654297, -554.443359, -21.240234
-277.587891, -617.919922, 70.800781
-346.435547, -737.060547, 84.960938
-275.146484, -726.806641, 115.234375
-156.005859, -846.923828, 206.542969
-106.201172, -1097.900391, 194.824219
41.992188, -1168.212891, 332.031250
60.546875, -1452.392578, 301.757812
-68.115234, -1507.568359, 518.066406
4.882812, -1638.427734, 419.921875
-114.990234, -1833.740234, 485.351562
-216.552734, -1774.169922, 390.625000
-112.060547, -1470.458984, 324.707031
-25.634766, -1218.505859, 292.968750
-13.427734, -1060.791016, 226.562500
138.671875, -675.048828, 354.003906
280.273438, -581.787109, 337.890625
262.207031, -461.669922, 232.421875
364.746094, -381.591797, 163.574219
-,-,-
-239.501953, -584.716797, -28.564453
-350.341797, -751.708984, 83.007812
-130.126953, -688.232422, 59.082031
-203.857422, -1105.224609, 303.710938
-161.865234, -1144.775391, 392.578125
39.062500, -1166.748047, 298.828125
-114.013672, -1334.228516, 536.132812
-67.138672, -1498.779297, 311.035156
-186.279297, -1559.326172, 451.171875
-322.998047, -1629.638672, 346.679688
-339.599609, -1622.802734, 306.640625
-281.982422, -1462.646484, 379.394531
-46.630859, -1182.373047, 336.914062
-9.033203, -1055.419922, 252.441406
208.496094, -780.029297, 370.605469
326.660156, -494.873047, 120.117188
303.222656, -573.486328, 125.000000
401.367188, -449.951172, 258.789062
-,-,-
-190.673828, -687.255859, -80.810547
-198.974609, -624.755859, 106.445312
-136.962891, -413.818359, -3.173828
-218.505859, -653.076172, 170.898438
-230.712891, -931.884766, 425.781250
-216.064453, -1190.185547, 370.605469
-72.509766, -1398.193359, 344.726562
-62.744141, -1574.462891, 474.121094
-166.259766, -1454.833984, 547.851562
-107.177734, -1395.263672, 371.582031
-213.623047, -1683.349609, 300.781250
-116.455078, -1768.310547, 392.578125
97.656250, -1425.048828, 511.718750
87.890625, -1413.818359, 320.312500
126.953125, -919.677734, 451.171875
196.289062, -648.193359, 214.843750
237.304688, -470.947266, 357.910156
291.992188, -203.369141, 1.953125
220.703125, -490.478516, 33.203125
-,-,-
-228.271484, -789.306641, 124.023438
-162.353516, -650.146484, 100.097656
-118.896484, -495.361328, 139.648438
-102.783203, -587.646484, 187.500000
-45.166016, -838.623047, 315.917969
-160.888672, -1121.826172, 281.738281
-92.529297, -1321.044922, 234.863281
-96.435547, -1474.365234, 569.335938
-62.255859, -1678.466797, 370.605469
-92.529297, -1834.716797, 477.050781
-103.759766, -1682.373047, 556.640625
-89.111328, -1543.701172, 303.710938
-108.154297, -1400.634766, 340.332031
5.859375, -1179.931641, 246.093750
90.820312, -840.576172, 130.371094
143.066406, -790.771484, 228.515625
276.855469, -475.341797, 83.007812
-,-,-
-206.298828, -530.029297, -59.814453
-178.466797, -450.927734, 155.273438
-208.740234, -660.888672, 20.019531
-305.419922, -831.787109, 278.320312
-203.857422, -1020.263672, 441.894531
-178.466797, -1216.064453, 322.265625
-275.634766, -1407.958984, 224.121094
-61.767578, -1491.943359, 455.078125
-93.017578, -1568.603516, 740.234375
-158.447266, -1672.119141, 430.175781
-199.462891, -1690.673828, 462.402344
-73.486328, -1504.638672, 358.398438
-69.091797, -1425.537109, 252.441406
50.292969, -1124.755859, 353.027344
70.800781, -898.193359, 123.535156
168.457031, -675.048828, 214.843750
273.437500, -542.236328, 211.914062
198.730469, -506.103516, -10.498047
225.585938, -579.833984, 176.269531
-,-,-
-156.982422, -656.005859, -4.150391
-136.474609, -562.255859, 10.742188
-174.072266, -480.224609, 48.828125
-337.646484, -697.021484, 76.660156
-165.283203, -580.810547, 297.363281
-334.228516, -1002.197266, 397.460938
-227.783203, -1167.724609, 224.609375
69.335938, -1434.814453, 149.902344
-173.583984, -1718.505859, 437.500000
-13.427734, -1454.833984, 296.386719
34.179688, -1519.287109, 362.304688
-60.302734, -1616.943359, 481.445312
-14.892578, -1587.158203, 285.644531
-70.556641, -1599.365234, 530.761719
166.503906, -1102.294922, 407.226562
225.585938, -855.224609, 195.800781
224.609375, -698.974609, 273.437500
297.851562, -339.111328, 171.875000
-,-,-
-137.451172, -691.650391, 138.671875
-149.658203, -538.330078, 159.179688
-71.044922, -281.982422, 56.640625
-129.150391, -602.294922, 128.417969
-341.064453, -1040.771484, 349.609375
-148.193359, -1187.255859, 373.535156
-49.072266, -1496.826172, 373.535156
-85.205078, -1546.630859, 573.242188
-67.138672, -1754.150391, 344.726562
-123.779297, -1807.373047, 486.328125
-117.431641, -1697.998047, 502.441406
-47.119141, -1435.791016, 321.289062
-23.681641, -1288.818359, 410.156250
207.031250, -844.970703, 347.656250
231.445312, -705.322266, 256.835938
232.421875, -534.423828, 89.355469
310.058594, -379.638672, 190.917969
-,-,-
-252.197266, -661.865234, 22.460938
-116.943359, -549.560547, -14.892578
-112.548828, -547.607422, 140.625000
-39.306641, -546.630859, 112.304688
-116.943359, -789.794922, 178.222656
-156.982422, -1022.216797, 375.976562
-149.169922, -1167.236328, 278.320312
-290.283203, -1441.162109, 284.667969
-315.185547, -1493.896484, 292.968750
-267.333984, -1598.388672, 286.621094
-176.025391, -1592.041016, 527.343750
-208.740234, -1659.912109, 432.128906
-96.435547, -1562.255859, 433.593750
-16.845703, -1346.435547, 634.765625
155.273438, -1135.986328, 451.171875
191.894531, -696.044922, 168.945312
313.476562, -316.162109, -39.794922
-,-,-
-285.888672, -591.064453, -1.220703
-398.193359, -773.193359, -108.154297
-261.962891, -581.787109, 145.507812
-254.150391, -794.189453, 163.574219
-161.865234, -809.814453, 339.355469
-61.279297, -1050.537109, 482.421875
-124.755859, -1322.998047, 321.289062
-221.435547, -1569.091797, 358.398438
-328.369141, -1841.064453, 392.578125
-352.783203, -1796.630859, 290.039062
-230.712891, -1604.248047, 296.386719
-109.130859, -1428.466797, 291.015625
24.902344, -1112.548828, 367.675781
44.921875, -1013.916016, 180.664062
176.269531, -720.947266, 232.421875
372.558594, -406.494141, 253.417969
-,-,-
-87.158203, -733.154297, 56.640625
-282.958984, -815.185547, 114.257812
-247.314453, -697.998047, 92.773438
-201.904297, -678.466797, 62.500000
-108.642578, -843.994141, 400.878906
25.390625, -892.822266, 189.941406
-218.505859, -1274.169922, 380.859375
-86.669922, -1450.927734, 319.335938
-237.548828, -1613.037109, 204.589844
-235.107422, -1746.826172, 276.367188
-250.732422, -1723.388672, 349.609375
-258.544922, -1602.783203, 337.890625
-71.533203, -1316.650391, 176.269531
-17.822266, -1153.076172, 326.660156
122.070312, -912.353516, 192.871094
121.093750, -640.869141, -117.431641
166.503906, -654.052734, 174.804688
335.937500, -333.251953, 226.562500
-,-,-
-220.458984, -754.150391, -164.306641
-281.005859, -579.833984, 53.710938
-151.611328, -671.630859, 42.480469
-46.630859, -468.994141, 47.851562
-156.982422, -723.388672, 218.261719
-152.587891, -967.529297, 355.957031
-22.705078, -966.552734, 280.761719
-236.083984, -1473.388672, 412.109375
-213.623047, -1552.001953, 291.992188
-287.841797, -1918.701172, 303.710938
-291.748047, -1999.755859, 495.117188
-198.486328, -1749.755859, 449.218750
11.718750, -1378.662109, 518.066406
100.097656, -1021.240234, 390.136719
132.812500, -850.341797, 92.773438
212.890625, -656.982422, 144.531250
197.265625, -635.498047, 127.929688
291.015625, -418.212891, -30.517578
256.347656, -491.455078, 59.082031
238.769531, -490.478516, -106.689453
-,-,-
-299.072266, -1058.837891, -95.458984
-167.724609, -881.103516, 192.871094
-168.701172, -677.490234, 121.093750
-152.587891, -527.587891, 59.082031
-41.748047, -357.666016, 168.945312
-176.025391, -733.154297, 146.972656
-74.951172, -893.310547, 179.199219
-134.033203, -1312.744141, 342.285156
-62.255859, -1614.990234, 274.414062
12.695312, -1666.748047, 425.781250
-80.322266, -1609.130859, 531.250000
-55.908203, -1562.255859, 353.027344
-199.462891, -1646.240234, 285.644531
-28.076172, -1294.189453, 377.929688
-10.986328, -1198.486328, 174.804688
72.265625, -1034.423828, 293.945312
217.285156, -667.724609, 182.128906
290.039062, -645.263672, 299.804688
424.804688, -462.646484, 145.507812
410.156250, -378.662109, 169.921875
-,-,-
-209.716797, -689.208984, 44.433594
-178.466797, -557.373047, -64.208984
-167.236328, -524.658203, 31.738281
-180.419922, -618.896484, 157.226562
-218.505859, -876.708984, 274.414062
-299.560547, -1148.681641, 410.156250
-109.130859, -1244.873047, 374.023438
-200.439453, -1474.365234, 445.800781
-98.388672, -1496.826172, 482.421875
-204.345703, -1567.138672, 486.816406
-276.611328, -1623.291016, 457.519531
-322.021484, -1716.552734, 391.601562
-201.416016, -1358.154297, 406.250000
-42.236328, -1164.306641, 314.941406
123.046875, -755.615234, 282.714844
291.992188, -533.935547, 211.914062
314.941406, -545.654297, 168.945312
334.472656, -492.919922, 21.484375
284.667969, -604.736328, 73.730469
225.097656, -715.576172, 110.351562
308.593750, -776.611328, 73.730469
-,-,-
-221.435547, -840.576172, 123.046875
-260.009766, -818.115234, 25.390625
-200.439453, -549.560547, 225.585938
-182.861328, -612.060547, 156.250000
-179.443359, -723.876953, 165.527344
-247.314453, -941.162109, 371.582031
-79.345703, -1206.787109, 277.343750
-12.451172, -1396.240234, 487.304688
-7.080078, -1550.537109, 453.125000
-31.494141, -1604.736328, 562.011719
-84.716797, -1591.552734, 529.296875
-238.037109, -1834.716797, 322.265625
-179.443359, -1483.642578, 425.781250
-22.216797, -1194.091797, 296.386719
9.277344, -1006.591797, 323.730469
123.535156, -682.373047, 199.218750
252.441406, -561.767578, 293.945312
293.945312, -501.708984, 209.960938
381.347656, -428.466797, -7.568359
422.851562, -529.052734, 75.195312
-,-,-
-197.021484, -781.005859, 37.109375
-168.212891, -701.904297, 76.171875
-125.244141, -461.669922, 115.722656
-131.103516, -591.552734, 154.296875
-170.654297, -768.310547, 289.062500
-220.947266, -1060.791016, 432.128906
-15.869141, -1237.060547, 255.859375
-88.134766, -1483.154297, 497.070312
-15.380859, -1552.978516, 354.003906
-39.306641, -1670.654297, 501.464844
-224.365234, -1683.349609, 537.109375
-292.236328, -1711.669922, 211.425781
-168.212891, -1444.091797, 376.953125
72.753906, -1056.396484, 350.585938
120.117188, -963.134766, 305.664062
277.832031, -544.677734, 152.832031
410.644531, -316.162109, 107.421875
416.015625, -338.134766, 51.757812
-,-,-
-225.830078, -919.677734, 93.750000
-184.814453, -855.224609, 120.605469
-238.037109, -765.380859, 113.281250
-243.896484, -659.912109, 51.757812
-207.275391, -664.794922, 171.875000
-257.080078, -849.365234, 288.085938
-163.330078, -899.169922, 270.019531
-95.458984, -1374.755859, 250.488281
-74.462891, -1540.771484, 487.304688
-20.751953, -1578.857422, 469.726562
-80.322266, -1636.962891, 474.121094
-120.849609, -1574.462891, 472.167969
-131.591797, -1536.865234, 391.601562
-66.162109, -1250.732422, 370.605469
95.214844, -1017.333984, 202.636719
128.906250, -927.001953, 394.531250
250.488281, -667.724609, 208.496094
345.703125, -495.849609, 184.570312
286.621094, -502.685547, 45.410156
-,-,-
-153.564453, -626.220703, 7.812500
-89.111328, -578.857422, 41.503906
-120.361328, -654.052734, 260.742188
-153.564453, -688.720703, 232.910156
-207.275391, -1093.505859, 266.113281
-373.291016, -1259.521484, 304.687500
-185.302734, -1108.154297, 322.265625
-157.470703, -1297.119141, 278.320312
37.597656, -1278.076172, 507.324219
104.003906, -1092.529297, 602.539062
-160.400391, -1535.400391, 288.085938
-342.041016, -1681.396484, 448.730469
-395.751953, -1710.693359, 358.398438
-256.591797, -1396.240234, 432.617188
-58.837891, -1126.220703, 366.699219
58.593750, -961.181641, 278.320312
180.175781, -723.876953, 306.640625
388.183594, -350.830078, 79.589844
-,-,-
-258.544922, -818.115234, 83.007812
-249.755859, -895.751953, -63.232422
-220.458984, -704.833984, 62.500000
-192.138672, -670.166016, 47.851562
-124.755859, -744.873047, 129.882812
-138.427734, -805.419922, 391.601562
10.742188, -797.607422, 294.433594
-23.193359, -993.896484, 288.085938
20.507812, -1330.322266, 421.875000
-78.857422, -1629.638672, 427.734375
-280.029297, -1894.287109, 453.125000
-283.935547, -1835.693359, 390.625000
-139.404297, -1539.306641, 456.054688
-54.931641, -1406.982422, 445.800781
31.738281, -1093.994141, 232.910156
143.554688, -846.435547, 269.042969
245.605469, -648.193359, 255.859375
301.269531, -582.763672, 45.410156
344.238281, -456.298828, 182.128906
261.718750, -608.642578, -70.068359
284.179688, -714.599609, -17.822266
-,-,-
-129.638672, -774.169922, -40.771484
-154.052734, -655.029297, -35.888672
-111.083984, -578.857422, 96.679688
-131.591797, -584.228516, 159.179688
-243.896484, -841.552734, 304.687500
-74.951172, -780.029297, 283.691406
-19.775391, -974.365234, 311.035156
-107.177734, -1513.427734, 277.343750
7.812500, -1454.345703, 510.253906
-70.068359, -1541.748047, 571.289062
-36.865234, -1759.521484, 500.976562
-54.443359, -1692.138672, 586.914062
20.507812, -1537.353516, 460.449219
122.070312, -1111.572266, 424.804688
173.339844, -967.529297, 216.796875
172.851562, -756.103516, -41.259766
250.000000, -554.931641, 182.617188
341.308594, -528.076172, 163.574219
-,-,-
-233.154297, -943.603516, 72.753906
-245.849609, -1032.470703, 13.183594
-309.326172, -795.654297, 168.945312
-338.134766, -679.443359, 183.593750
-51.025391, -474.853516, 87.402344
34.179688, -493.896484, 275.390625
-17.822266, -816.162109, 274.414062
-13.916016, -1279.541016, 237.792969
-68.115234, -1487.060547, 421.875000
93.750000, -1678.466797, 378.906250
71.777344, -1736.083984, 555.175781
31.738281, -1694.091797, 520.019531
94.238281, -1487.060547, 510.253906
16.113281, -1442.138672, 388.671875
69.335938, -1151.123047, 202.148438
166.503906, -913.818359, 135.253906
150.878906, -853.271484, 306.640625
197.753906, -512.939453, 15.136719
241.210938, -532.958984, -25.146484
237.792969, -569.091797, 142.578125
-,-,-
-296.630859, -796.142578, 117.675781
-309.814453, -796.630859, 116.210938
-276.123047, -608.642578, 80.078125
-246.337891, -670.166016, 188.964844
-1.708984, -860.595703, 323.730469
-49.072266, -1103.271484, 358.398438
-67.138672, -1409.912109, 404.296875
-81.298828, -1577.880859, 315.429688
-291.259766, -1942.138672, 390.625000
-164.306641, -1834.716797, 329.589844
-55.908203, -1518.798828, 398.437500
130.859375, -1164.306641, 352.539062
159.667969, -1044.189453, 226.074219
176.757812, -797.607422, 114.257812
337.890625, -553.466797, 268.066406
330.078125, -449.951172, 97.656250
-,-,-
-75.927734, -1018.310547, 216.796875
-103.759766, -720.458984, 88.378906
-131.591797, -562.255859, 187.500000
-57.373047, -498.779297, 67.382812
-53.466797, -553.955078, 268.554688
-71.044922, -1052.490234, 228.515625
-196.044922, -1216.064453, 247.070312
-175.048828, -1436.767578, 330.078125
47.363281, -1447.021484, 367.187500
-26.123047, -1513.427734, 486.328125
-66.162109, -1801.513672, 360.351562
25.390625, -1552.978516, 459.472656
81.054688, -1434.326172, 497.070312
125.488281, -1236.083984, 382.324219
113.769531, -992.919922, 153.320312
203.613281, -806.884766, 258.789062
251.464844, -512.451172, 95.703125
274.414062, -602.294922, 32.226562
324.707031, -578.857422, 166.015625
313.476562, -636.962891, -3.173828
363.769531, -610.107422, -5.615234
-,-,-
-168.212891, -793.212891, 109.375000
-178.466797, -661.376953, 116.699219
-75.927734, -515.380859, 126.953125
-120.361328, -855.224609, 323.242188
-105.224609, -927.001953, 150.878906
-101.318359, -1294.189453, 49.804688
-62.255859, -1531.005859, 423.828125
-40.283203, -1489.013672, 474.121094
-98.388672, -1613.037109, 288.085938
-183.837891, -1697.509766, 373.046875
-142.822266, -1603.759766, 430.175781
-4.638672, -1267.822266, 363.281250
83.007812, -1066.162109, 286.132812
183.105469, -791.259766, 84.960938
316.406250, -496.826172, 317.382812
348.632812, -518.798828, 69.335938
290.039062, -570.068359, -12.451172
283.203125, -618.408203, -6.591797
215.332031, -726.806641, -56.884766
-,-,-
-162.841797, -763.427734, 46.386719
-174.072266, -710.693359, -92.041016
-267.822266, -732.177734, 78.613281
-77.392578, -607.177734, 191.406250
-113.037109, -842.529297, 145.019531
-189.208984, -969.482422, 168.945312
-157.958984, -1019.287109, 229.492188
-12.451172, -1375.732422, 257.812500
123.046875, -1250.732422, 554.687500
90.820312, -1478.271484, 365.234375
118.652344, -1622.802734, 437.500000
-36.865234, -1573.486328, 494.140625
-162.841797, -1615.966797, 342.285156
-151.611328, -1293.701172, 213.867188
-96.435547, -1131.103516, 295.410156
-88.134766, -1179.931641, 170.898438
40.039062, -831.787109, 54.687500
85.937500, -876.220703, 68.847656
203.125000, -593.994141, 166.015625
383.789062, -486.083984, 37.109375
315.917969, -615.966797, -2.197266
-,-,-
-170.654297, -764.404297, 104.980469
-152.587891, -684.326172, 30.761719
-134.033203, -564.208984, 131.347656
-207.763672, -680.419922, 101.074219
-110.595703, -806.396484, 143.066406
-46.142578, -948.974609, 422.851562
-4.150391, -1035.888672, 288.085938
90.332031, -1161.376953, 189.453125
4.882812, -1369.384766, 392.578125
-37.353516, -1422.607422, 365.722656
-82.763672, -1645.751953, 240.722656
-168.701172, -1797.607422, 461.914062
-49.560547, -1483.642578, 393.554688
-16.357422, -1387.939453, 277.343750
42.968750, -1090.576172, 218.261719
184.570312, -890.869141, 117.675781
198.730469, -836.669922, 281.738281
376.953125, -467.529297, 94.726562
355.957031, -589.111328, 65.429688
362.792969, -516.357422, 134.765625
257.812500, -625.244141, -53.466797
174.316406, -914.306641, 120.117188
-,-,-
-229.736328, -1102.783203, 129.394531
-183.837891, -1031.005859, -18.310547
-193.115234, -848.388672, 142.578125
-247.802734, -741.455078, 154.296875
-129.150391, -532.958984, 78.125000
-16.845703, -515.380859, 269.042969
-12.451172, -652.099609, 120.117188
-81.787109, -1076.904297, 145.019531
65.429688, -1269.287109, 249.023438
202.148438, -1273.193359, 435.546875
197.753906, -1711.669922, 324.707031
114.746094, -1868.896484, 430.175781
-0.732422, -1700.439453, 520.019531
-5.126953, -1472.412109, 320.312500
-8.544922, -1230.224609, 257.812500
84.960938, -953.857422, 191.894531
113.281250, -949.951172, 172.851562
165.039062, -814.208984, 207.519531
285.644531, -741.943359, 124.023438
281.250000, -656.494141, 175.292969
432.617188, -468.994141, 166.015625
-,-,-
-88.623047, -946.533203, 20.996094
-89.599609, -908.447266, 60.546875
-81.298828, -687.744141, 144.042969
-96.435547, -625.244141, 18.554688
-14.404297, -542.236328, 164.550781
-92.041016, -625.244141, 134.277344
-8.056641, -700.927734, 226.562500
-166.259766, -1158.935547, 308.105469
-242.919922, -1326.904297, 334.960938
-99.365234, -1545.654297, 214.843750
-157.470703, -1554.931641, 441.894531
-62.744141, -1480.712891, 410.644531
-31.494141, -1479.248047, 310.058594
-86.669922, -1499.267578, 462.402344
2.441406, -1203.857422, 369.628906
41.992188, -1105.224609, 148.925781
73.242188, -1075.927734, 205.078125
111.328125, -996.337891, 183.593750
246.582031, -803.466797, 270.019531
187.500000, -834.716797, 139.648438
233.398438, -726.806641, 83.984375
293.457031, -500.732422, 120.605469
-,-,-
-53.466797, -873.291016, 58.105469
-59.326172, -749.755859, 32.226562
-154.052734, -819.091797, 94.726562
-132.568359, -619.384766, 75.195312
-76.904297, -538.818359, 57.617188
-153.564453, -794.189453, 214.843750
-135.009766, -687.255859, 327.636719
-82.275391, -1024.169922, 302.734375
3.906250, -1364.990234, 287.109375
-88.134766, -1632.080078, 417.480469
-168.701172, -1703.369141, 643.554688
-17.333984, -1671.142578, 405.273438
-42.724609, -1556.396484, 619.140625
96.191406, -1182.373047, 467.773438
156.250000, -1186.279297, 312.011719
63.964844, -1090.576172, 231.445312
156.738281, -1069.091797, 250.000000
170.898438, -938.232422, 253.417969
228.515625, -887.451172, -15.869141
233.398438, -623.779297, 246.093750
241.210938, -368.896484, 89.355469
334.472656, -444.091797, 46.386719
-,-,-
-178.466797, -1011.474609, 117.675781
-103.759766, -810.791016, 6.835938
-97.412109, -698.974609, 122.070312
-79.345703, -601.318359, 17.578125
27.343750, -496.826172, 42.480469
-157.470703, -757.080078, 129.882812
-69.580078, -808.837891, 140.625000
-110.107422, -1201.904297, 192.871094
-216.064453, -1454.345703, 298.828125
166.503906, -1434.814453, 468.750000
9.277344, -1604.736328, 576.171875
-92.529297, -1583.251953, 509.277344
-33.935547, -1502.685547, 359.375000
-5.615234, -1370.849609, 446.777344
-33.935547, -1321.044922, 324.218750
-6.103516, -1148.681641, 207.519531
9.765625, -1008.544922, 319.335938
148.437500, -896.728516, 195.312500
255.859375, -697.998047, 263.671875
344.726562, -569.091797, 224.609375
399.902344, -428.466797, 53.710938
411.132812, -386.474609, 82.031250
341.796875, -662.841797, -1.220703
-,-,-
-155.029297, -1050.537109, 115.722656
-206.298828, -1128.173828, 74.707031
-171.630859, -1067.138672, 107.421875
-137.451172, -1071.044922, 136.230469
-99.365234, -969.482422, 107.421875
-110.595703, -813.232422, 119.628906
-142.333984, -645.263672, 142.578125
-167.236328, -605.224609, -28.564453
-44.677734, -528.076172, 113.281250
-15.869141, -570.068359, 262.695312
-23.193359, -1035.888672, 168.945312
-51.513672, -1189.208984, 319.335938
-235.107422, -1477.294922, 226.074219
-94.482422, -1611.083984, 316.894531
-184.326172, -1640.380859, 533.691406
-48.583984, -1567.626953, 347.656250
90.820312, -1319.091797, 481.445312
132.324219, -1226.318359, 428.222656
218.750000, -1089.599609, 243.164062
117.675781, -1238.037109, 249.511719
168.457031, -943.603516, 186.523438
388.671875, -686.279297, 226.562500
348.144531, -618.896484, 185.546875
397.949219, -462.646484, 106.933594
387.695312, -384.521484, 62.988281
-,-,-
-176.513672, -993.896484, 95.703125
-135.009766, -814.208984, 156.250000
-158.935547, -694.091797, 89.355469
-235.107422, -750.732422, -9.521484
-119.384766, -569.091797, 256.835938
-89.111328, -608.642578, 276.367188
-261.962891, -855.224609, 186.523438
-149.169922, -1101.318359, 146.972656
-147.216797, -1383.544922, 256.835938
-100.341797, -1687.255859, 287.597656
-19.775391, -1564.208984, 589.355469
-39.306641, -1571.533203, 557.617188
-93.994141, -1568.115234, 417.480469
-131.591797, -1508.544922, 468.750000
19.531250, -1218.505859, 360.351562
-24.169922, -1098.876953, 124.023438
-8.056641, -912.841797, 111.328125
113.769531, -730.712891, 194.824219
214.355469, -556.884766, 99.609375
331.054688, -510.009766, 93.750000
451.660156, -451.904297, 173.828125
-,-,-
-112.548828, -763.916016, 52.734375
-125.732422, -764.404297, 53.710938
-137.451172, -622.802734, 157.226562
-175.048828, -712.646484, 29.785156
-136.474609, -778.564453, 223.144531
-200.439453, -967.041016, 318.359375
-35.888672, -1072.998047, 319.335938
-106.201172, -1290.771484, 440.429688
-75.927734, -1324.951172, 335.937500
-56.396484, -1523.193359, 430.175781
-171.630859, -1562.255859, 486.328125
-195.068359, -1620.849609, 345.703125
-178.466797, -1687.744141, 402.343750
-56.884766, -1410.888672, 444.824219
108.886719, -1142.333984, 376.953125
82.031250, -878.173828, 275.390625
209.960938, -709.228516, 132.324219
322.265625, -560.302734, 270.996094
